1 48159U 21029A   21099.37432870 -.00003785  11968-4  00000+0 0  9998
2 48159  51.6513 323.1696 0027248  68.0280 288.6469 16.23465287    04
1 48159U 21029A   21099.63908816  .00000772  00000-0  22254-4 0  9998
2 48159  51.6451 321.7734 0002906 202.7417 192.7569 15.48875598277979
1 48159U 21029A   21100.55160248  .00001194  00000-0  29935-4 0  9993
2 48159  51.6453 317.2582 0002862 208.3262 238.6763 15.48879686278118
1 48159U 21029A   21101.58258458  .00000386  00000-0  15214-4 0  9995
2 48159  51.6436 312.1625 0002799 220.0748 219.4362 15.48880584278278
1 48159U 21029A   21102.53990745  .00000731  00000-0  21496-4 0  9996
2 48159  51.6439 307.4244 0002838 218.7371 162.3034 15.48882554278423
1 48159U 21029A   21103.51063550  .00000247  00000-0  12689-4 0  9996
2 48159  51.6440 302.6231 0002845 223.0251 174.3348 15.48881931278577
1 48159U 21029A   21104.68715880 -.00000069  00000-0  69184-5 0  9991
2 48159  51.6432 296.8036 0002882 227.7888 254.1596 15.48881638278759
1 48159U 21029A   21105.71614487  .00000455  00000-0  16475-4 0  9999
2 48159  51.6436 291.7139 0002800 231.2787 232.0757 15.48885937278917
1 48159U 21029A   21106.68322208  .00000790  00000-0  22564-4 0  9991
2 48159  51.6449 286.9319 0002784 232.2585 227.0793 15.48889802279061
1 48159U 21029A   21107.71722659  .00000848  00000-0  23618-4 0  9995
2 48159  51.6450 281.8181 0002592 239.3057 229.4526 15.48892631279225
1 48159U 21029A   21108.75193912  .00001247  00000-0  30883-4 0  9990
2 48159  51.6449 276.7004 0002605 243.6391 238.5171 15.48898035279382
1 48159U 21029A   21110.55099619  .00002265  00000-0  49391-4 0  9995
2 48159  51.6451 267.8023 0002515 253.6108 186.8236 15.48910994279661
